solution 1 (length=37) :===================== 
65 66 67 
32 
98 99 100 101 102 
114 115 
89 105 109 110 123 124 
101 102 105 106 
127 
104 105 108 109 
47 51 52 
62 32 
114 116 118 119 
105 111 125 
32 33 
87 95 97 104 
100 104 105 108 110 
108 
32 
101 105 
112 115 116 117 
32 33 34 39 
50 
74 78 79 
89 90 91 92 93 32 33 
98 102 
114 122 124 
104 105 108 109 
97 98 99 100 101 
108 110 112 113 122 123 
99 100 103 104 
32 33 34 
115 116 
111 112 
32 33 
108 110 112 113 122 123 
109 110 111 
108 110 112 113 
100 101 
solution 2 (length=36) :===================== 
65 66 67 
32 
98 99 100 101 102 
114 115 
89 105 109 110 123 124 
101 102 105 106 
127 
104 105 108 109 
47 51 52 
62 32 
114 116 118 119 
105 111 125 
32 33 
87 95 97 104 
100 104 105 108 110 
108 
32 
101 105 
112 115 116 117 
32 33 34 39 
97 
89 90 91 92 93 32 33 
98 102 
114 122 124 
104 105 108 109 
97 98 99 100 101 
108 110 112 113 122 123 
99 100 103 104 
32 33 34 
115 116 
111 112 
32 33 
108 110 112 113 122 123 
109 110 111 
108 110 112 113 
100 101 
solution 3 (length=36) :===================== 
65 66 67 
32 
98 99 100 101 102 
114 115 
89 105 109 110 123 124 
101 102 105 106 
109 110 
100 106 107 108 
62 32 
114 116 118 119 
105 111 125 
32 33 
87 95 97 104 
100 104 105 108 110 
108 
32 
101 105 
112 115 116 117 
32 33 34 39 
50 
74 78 79 
89 90 91 92 93 32 33 
98 102 
114 122 124 
104 105 108 109 
97 98 99 100 101 
108 110 112 113 122 123 
99 100 103 104 
32 33 34 
115 116 
111 112 
32 33 
108 110 112 113 122 123 
109 110 111 
108 110 112 113 
100 101 
solution 4 (length=35) :===================== 
65 66 67 
32 
98 99 100 101 102 
114 115 
89 105 109 110 123 124 
101 102 105 106 
109 110 
100 106 107 108 
62 32 
114 116 118 119 
105 111 125 
32 33 
87 95 97 104 
100 104 105 108 110 
108 
32 
101 105 
112 115 116 117 
32 33 34 39 
97 
89 90 91 92 93 32 33 
98 102 
114 122 124 
104 105 108 109 
97 98 99 100 101 
108 110 112 113 122 123 
99 100 103 104 
32 33 34 
115 116 
111 112 
32 33 
108 110 112 113 122 123 
109 110 111 
108 110 112 113 
100 101 
plain text length: 35 solution numbers: 1
plain text length: 36 solution numbers: 2
plain text length: 37 solution numbers: 1
total solutions: 4
